Some((
    red: 0.29885286,
    green: 0.2982138,
    blue: 0.2982138,
))